-6.788890e+00,-6.836376e+00,-6.881798e+00,-6.925029e+00,-6.965944e+00,-7.004416e+00,-7.040317e+00,-7.073523e+00,-7.103909e+00,-7.131352e+00,-7.155735e+00,-7.176940e+00,-7.194859e+00,-7.209384e+00,-7.220418e+00,-7.227869e+00,-7.231653e+00,-7.231697e+00,-7.227938e+00,-7.220323e+00,-7.208815e+00,-7.193387e+00,-7.174029e+00,-7.150746e+00,-7.123560e+00,-7.092508e+00,-7.057649e+00,-7.019059e+00,-6.976833e+00,-6.931088e+00,-6.881958e+00,-6.829600e+00,-6.774191e+00,-6.715927e+00,-6.655024e+00,-6.591719e+00,-6.526264e+00,-6.458932e+00,-6.390009e+00,-6.319797e+00,-6.248612e+00,-6.176781e+00,-6.104640e+00,-6.032533e+00,-5.960809e+00,-5.889823e+00,-5.819928e+00,-5.751476e+00,-5.684817e+00,-5.620294e+00,-5.558242e+00,-5.498985e+00,-5.442837e+00,-5.390093e+00,-5.341035e+00,-5.295924e+00,-5.255003e+00,-5.218491e+00,-5.186585e+00,-5.159458e+00,-5.137255e+00,-5.120098e+00,-5.108079e+00,-5.101263e+00,-5.099688e+00,-5.103362e+00,-5.112265e+00,-5.126349e+00,-5.145537e+00,-5.169725e+00,-5.198783e+00,-5.232554e+00,-5.270854e+00,-5.313479e+00,-5.360199e+00,-5.410764e+00,-5.464904e+00,-5.522332e+00,-5.582745e+00,-5.645825e+00,-5.711243e+00,-5.778661e+00,-5.847732e+00,-5.918106e+00,-5.989430e+00,-6.061349e+00,-6.133511e+00,-6.205569e+00,-6.277182e+00,-6.348016e+00,-6.417750e+00,-6.486072e+00,-6.552687e+00,-6.617313e+00,-6.679687e+00,-6.739561e+00,-6.796709e+00,-6.850920e+00,-6.902006e+00,-6.949800e+00,-6.994153e+00,-7.034937e+00,-7.072045e+00,-7.105389e+00,-7.134901e+00,-7.160530e+00,-7.182244e+00,-7.200030e+00,-7.213888e+00,-7.223834e+00,-7.229901e+00,-7.232132e+00,-7.230584e+00,-7.225324e+00,-7.216430e+00,-7.203988e+00,-7.188093e+00,-7.168846e+00,-7.146356e+00,-7.120735e+00,-7.092100e+00,-7.060572e+00,-7.026273e+00,-6.989328e+00,-6.949864e+00,-6.908008e+00,-6.863885e+00,-6.817623e+00
-6.836376e+00,-6.882485e+00,-6.926346e+00,-6.967824e+00,-7.006780e+00,-7.043077e+00,-7.076577e+00,-7.107143e+00,-7.134639e+00,-7.158932e+00,-7.179891e+00,-7.197390e+00,-7.211307e+00,-7.221526e+00,-7.227939e+00,-7.230443e+00,-7.228949e+00,-7.223372e+00,-7.213645e+00,-7.199709e+00,-7.181520e+00,-7.159051e+00,-7.132288e+00,-7.101237e+00,-7.065921e+00,-7.026383e+00,-6.982687e+00,-6.934916e+00,-6.883177e+00,-6.827599e+00,-6.768333e+00,-6.705554e+00,-6.639458e+00,-6.570266e+00,-6.498220e+00,-6.423584e+00,-6.346642e+00,-6.267700e+00,-6.187081e+00,-6.105123e+00,-6.022181e+00,-5.938624e+00,-5.854830e+00,-5.771188e+00,-5.688089e+00,-5.605934e+00,-5.525120e+00,-5.446045e+00,-5.369103e+00,-5.294681e+00,-5.223157e+00,-5.154895e+00,-5.090248e+00,-5.029551e+00,-4.973120e+00,-4.921250e+00,-4.874212e+00,-4.832256e+00,-4.795602e+00,-4.764444e+00,-4.738947e+00,-4.719247e+00,-4.705449e+00,-4.697624e+00,-4.695816e+00,-4.700034e+00,-4.710255e+00,-4.726424e+00,-4.748457e+00,-4.776236e+00,-4.809614e+00,-4.848414e+00,-4.892431e+00,-4.941432e+00,-4.995161e+00,-5.053335e+00,-5.115651e+00,-5.181785e+00,-5.251395e+00,-5.324123e+00,-5.399599e+00,-5.477441e+00,-5.557259e+00,-5.638658e+00,-5.721238e+00,-5.804602e+00,-5.888352e+00,-5.972097e+00,-6.055453e+00,-6.138044e+00,-6.219509e+00,-6.299497e+00,-6.377676e+00,-6.453731e+00,-6.527364e+00,-6.598299e+00,-6.666281e+00,-6.731075e+00,-6.792471e+00,-6.850282e+00,-6.904341e+00,-6.954507e+00,-7.000659e+00,-7.042701e+00,-7.080557e+00,-7.114171e+00,-7.143508e+00,-7.168554e+00,-7.189308e+00,-7.205792e+00,-7.218038e+00,-7.226097e+00,-7.230032e+00,-7.229917e+00,-7.225837e+00,-7.217890e+00,-7.206178e+00,-7.190814e+00,-7.171916e+00,-7.149608e+00,-7.124018e+00,-7.095278e+00,-7.063522e+00,-7.028886e+00,-6.991509e+00,-6.951527e+00,-6.909080e+00,-6.864303e+00
-6.881798e+00,-6.926346e+00,-6.968449e+00,-7.007958e+00,-7.044723e+00,-7.078596e+00,-7.109424e+00,-7.137059e+00,-7.161352e+00,-7.182156e+00,-7.199329e+00,-7.212732e+00,-7.222231e+00,-7.227698e+00,-7.229012e+00,-7.226063e+00,-7.218747e+00,-7.206975e+00,-7.190668e+00,-7.169762e+00,-7.144207e+00,-7.113971e+00,-7.079040e+00,-7.039417e+00,-6.995127e+00,-6.946219e+00,-6.892760e+00,-6.834843e+00,-6.772587e+00,-6.706134e+00,-6.635652e+00,-6.561336e+00,-6.483404e+00,-6.402104e+00,-6.317705e+00,-6.230503e+00,-6.140818e+00,-6.048991e+00,-5.955383e+00,-5.860378e+00,-5.764373e+00,-5.667783e+00,-5.571033e+00,-5.474559e+00,-5.378807e+00,-5.284222e+00,-5.191256e+00,-5.100355e+00,-5.011964e+00,-4.926518e+00,-4.844442e+00,-4.766149e+00,-4.692035e+00,-4.622477e+00,-4.557830e+00,-4.498428e+00,-4.444575e+00,-4.396552e+00,-4.354606e+00,-4.318957e+00,-4.289789e+00,-4.267255e+00,-4.251473e+00,-4.242524e+00,-4.240457e+00,-4.245280e+00,-4.256970e+00,-4.275464e+00,-4.300668e+00,-4.332448e+00,-4.370640e+00,-4.415045e+00,-4.465432e+00,-4.521539e+00,-4.583078e+00,-4.649730e+00,-4.721155e+00,-4.796987e+00,-4.876841e+00,-4.960315e+00,-5.046991e+00,-5.136439e+00,-5.228219e+00,-5.321887e+00,-5.416993e+00,-5.513087e+00,-5.609724e+00,-5.706462e+00,-5.802869e+00,-5.898523e+00,-5.993016e+00,-6.085956e+00,-6.176969e+00,-6.265700e+00,-6.351818e+00,-6.435011e+00,-6.514996e+00,-6.591509e+00,-6.664317e+00,-6.733209e+00,-6.798002e+00,-6.858538e+00,-6.914684e+00,-6.966333e+00,-7.013401e+00,-7.055828e+00,-7.093576e+00,-7.126629e+00,-7.154990e+00,-7.178680e+00,-7.197740e+00,-7.212224e+00,-7.222204e+00,-7.227761e+00,-7.228992e+00,-7.226003e+00,-7.218908e+00,-7.207832e+00,-7.192905e+00,-7.174262e+00,-7.152045e+00,-7.126398e+00,-7.097468e+00,-7.065404e+00,-7.030356e+00,-6.992475e+00,-6.951911e+00,-6.908812e+00
-6.925029e+00,-6.967824e+00,-7.007958e+00,-7.045271e+00,-7.079600e+00,-7.110781e+00,-7.138650e+00,-7.163043e+00,-7.183798e+00,-7.200754e+00,-7.213754e+00,-7.222645e+00,-7.227279e+00,-7.227516e+00,-7.223222e+00,-7.214272e+00,-7.200554e+00,-7.181966e+00,-7.158420e+00,-7.129844e+00,-7.096182e+00,-7.057396e+00,-7.013467e+00,-6.964401e+00,-6.910221e+00,-6.850979e+00,-6.786751e+00,-6.717637e+00,-6.643768e+00,-6.565301e+00,-6.482421e+00,-6.395346e+00,-6.304319e+00,-6.209614e+00,-6.111534e+00,-6.010409e+00,-5.906596e+00,-5.800478e+00,-5.692460e+00,-5.582972e+00,-5.472461e+00,-5.361392e+00,-5.250245e+00,-5.139510e+00,-5.029686e+00,-4.921278e+00,-4.814793e+00,-4.710733e+00,-4.609600e+00,-4.511883e+00,-4.418062e+00,-4.328600e+00,-4.243944e+00,-4.164518e+00,-4.090722e+00,-4.022930e+00,-3.961486e+00,-3.906705e+00,-3.858865e+00,-3.818213e+00,-3.784956e+00,-3.759265e+00,-3.741273e+00,-3.731073e+00,-3.728715e+00,-3.734214e+00,-3.747540e+00,-3.768624e+00,-3.797359e+00,-3.833597e+00,-3.877152e+00,-3.927799e+00,-3.985281e+00,-4.049303e+00,-4.119540e+00,-4.195635e+00,-4.277202e+00,-4.363833e+00,-4.455093e+00,-4.550529e+00,-4.649670e+00,-4.752034e+00,-4.857124e+00,-4.964439e+00,-5.073474e+00,-5.183723e+00,-5.294682e+00,-5.405856e+00,-5.516759e+00,-5.626916e+00,-5.735868e+00,-5.843176e+00,-5.948420e+00,-6.051203e+00,-6.151151e+00,-6.247919e+00,-6.341187e+00,-6.430665e+00,-6.516089e+00,-6.597228e+00,-6.673877e+00,-6.745861e+00,-6.813035e+00,-6.875279e+00,-6.932504e+00,-6.984643e+00,-7.031656e+00,-7.073527e+00,-7.110260e+00,-7.141882e+00,-7.168439e+00,-7.189992e+00,-7.206620e+00,-7.218418e+00,-7.225491e+00,-7.227958e+00,-7.225946e+00,-7.219591e+00,-7.209038e+00,-7.194437e+00,-7.175943e+00,-7.153713e+00,-7.127910e+00,-7.098696e+00,-7.066237e+00,-7.030694e+00,-6.992233e+00,-6.951016e+00
-6.965944e+00,-7.006780e+00,-7.044723e+00,-7.079600e+00,-7.111231e+00,-7.139438e+00,-7.164043e+00,-7.184864e+00,-7.201725e+00,-7.214450e+00,-7.222864e+00,-7.226799e+00,-7.226093e+00,-7.220588e+00,-7.210138e+00,-7.194603e+00,-7.173857e+00,-7.147786e+00,-7.116292e+00,-7.079292e+00,-7.036721e+00,-6.988537e+00,-6.934716e+00,-6.875261e+00,-6.810196e+00,-6.739576e+00,-6.663483e+00,-6.582026e+00,-6.495347e+00,-6.403622e+00,-6.307054e+00,-6.205882e+00,-6.100379e+00,-5.990849e+00,-5.877629e+00,-5.761088e+00,-5.641624e+00,-5.519667e+00,-5.395671e+00,-5.270117e+00,-5.143507e+00,-5.016364e+00,-4.889226e+00,-4.762646e+00,-4.637185e+00,-4.513410e+00,-4.391892e+00,-4.273197e+00,-4.157889e+00,-4.046519e+00,-3.939628e+00,-3.837737e+00,-3.741347e+00,-3.650936e+00,-3.566955e+00,-3.489823e+00,-3.419928e+00,-3.357623e+00,-3.303221e+00,-3.256997e+00,-3.219187e+00,-3.189982e+00,-3.169530e+00,-3.157934e+00,-3.155255e+00,-3.161505e+00,-3.176652e+00,-3.200621e+00,-3.233288e+00,-3.274489e+00,-3.324014e+00,-3.381613e+00,-3.446994e+00,-3.519828e+00,-3.599748e+00,-3.686353e+00,-3.779211e+00,-3.877860e+00,-3.981813e+00,-4.090560e+00,-4.203570e+00,-4.320300e+00,-4.440192e+00,-4.562681e+00,-4.687199e+00,-4.813175e+00,-4.940045e+00,-5.067251e+00,-5.194244e+00,-5.320494e+00,-5.445484e+00,-5.568721e+00,-5.689734e+00,-5.808078e+00,-5.923337e+00,-6.035124e+00,-6.143081e+00,-6.246887e+00,-6.346247e+00,-6.440905e+00,-6.530635e+00,-6.615244e+00,-6.694571e+00,-6.768486e+00,-6.836892e+00,-6.899718e+00,-6.956922e+00,-7.008486e+00,-7.054421e+00,-7.094757e+00,-7.129546e+00,-7.158860e+00,-7.182788e+00,-7.201435e+00,-7.214921e+00,-7.223376e+00,-7.226943e+00,-7.225773e+00,-7.220026e+00,-7.209868e+00,-7.195468e+00,-7.177001e+00,-7.154645e+00,-7.128578e+00,-7.098979e+00,-7.066028e+00,-7.029904e+00,-6.990783e+00
-7.004416e+00,-7.043077e+00,-7.078596e+00,-7.110781e+00,-7.139438e+00,-7.164373e+00,-7.185389e+00,-7.202290e+00,-7.214880e+00,-7.222964e+00,-7.226353e+00,-7.224860e+00,-7.218304e+00,-7.206512e+00,-7.189319e+00,-7.166572e+00,-7.138127e+00,-7.103858e+00,-7.063652e+00,-7.017415e+00,-6.965074e+00,-6.906577e+00,-6.841895e+00,-6.771027e+00,-6.693999e+00,-6.610866e+00,-6.521715e+00,-6.426668e+00,-6.325877e+00,-6.219535e+00,-6.107866e+00,-5.991136e+00,-5.869645e+00,-5.743731e+00,-5.613769e+00,-5.480171e+00,-5.343382e+00,-5.203881e+00,-5.062178e+00,-4.918812e+00,-4.774345e+00,-4.629365e+00,-4.484476e+00,-4.340300e+00,-4.197468e+00,-4.056618e+00,-3.918391e+00,-3.783426e+00,-3.652356e+00,-3.525803e+00,-3.404373e+00,-3.288653e+00,-3.179208e+00,-3.076575e+00,-2.981260e+00,-2.893735e+00,-2.814435e+00,-2.743755e+00,-2.682049e+00,-2.629626e+00,-2.586748e+00,-2.553631e+00,-2.530440e+00,-2.517293e+00,-2.514255e+00,-2.521341e+00,-2.538517e+00,-2.565695e+00,-2.602739e+00,-2.649464e+00,-2.705634e+00,-2.770969e+00,-2.845141e+00,-2.927781e+00,-3.018477e+00,-3.116778e+00,-3.222198e+00,-3.334219e+00,-3.452292e+00,-3.575843e+00,-3.704277e+00,-3.836980e+00,-3.973326e+00,-4.112679e+00,-4.254399e+00,-4.397845e+00,-4.542381e+00,-4.687380e+00,-4.832226e+00,-4.976322e+00,-5.119090e+00,-5.259975e+00,-5.398451e+00,-5.534019e+00,-5.666214e+00,-5.794604e+00,-5.918792e+00,-6.038417e+00,-6.153157e+00,-6.262724e+00,-6.366871e+00,-6.465385e+00,-6.558091e+00,-6.644847e+00,-6.725546e+00,-6.800116e+00,-6.868511e+00,-6.930717e+00,-6.986747e+00,-7.036639e+00,-7.080453e+00,-7.118272e+00,-7.150197e+00,-7.176347e+00,-7.196855e+00,-7.211868e+00,-7.221545e+00,-7.226055e+00,-7.225573e+00,-7.220283e+00,-7.210374e+00,-7.196036e+00,-7.177466e+00,-7.154859e+00,-7.128411e+00,-7.098319e+00,-7.064777e+00,-7.027979e+00
-7.040317e+00,-7.076577e+00,-7.109424e+00,-7.138650e+00,-7.164043e+00,-7.185389e+00,-7.202475e+00,-7.215084e+00,-7.223002e+00,-7.226014e+00,-7.223911e+00,-7.216486e+00,-7.203539e+00,-7.184877e+00,-7.160316e+00,-7.129685e+00,-7.092823e+00,-7.049587e+00,-6.999850e+00,-6.943503e+00,-6.880461e+00,-6.810664e+00,-6.734074e+00,-6.650687e+00,-6.560526e+00,-6.463649e+00,-6.360148e+00,-6.250152e+00,-6.133830e+00,-6.011389e+00,-5.883079e+00,-5.749189e+00,-5.610054e+00,-5.466047e+00,-5.317586e+00,-5.165129e+00,-5.009172e+00,-4.850252e+00,-4.688937e+00,-4.525832e+00,-4.361569e+00,-4.196805e+00,-4.032220e+00,-3.868513e+00,-3.706391e+00,-3.546575e+00,-3.389784e+00,-3.236737e+00,-3.088147e+00,-2.944713e+00,-2.807116e+00,-2.676019e+00,-2.552054e+00,-2.435826e+00,-2.327903e+00,-2.228816e+00,-2.139053e+00,-2.059057e+00,-1.989226e+00,-1.929906e+00,-1.881390e+00,-1.843920e+00,-1.817683e+00,-1.802809e+00,-1.799372e+00,-1.807389e+00,-1.826821e+00,-1.857569e+00,-1.899483e+00,-1.952353e+00,-2.015916e+00,-2.089857e+00,-2.173810e+00,-2.267358e+00,-2.370041e+00,-2.481352e+00,-2.600745e+00,-2.727637e+00,-2.861411e+00,-3.001424e+00,-3.147003e+00,-3.297461e+00,-3.452091e+00,-3.610179e+00,-3.771004e+00,-3.933845e+00,-4.097988e+00,-4.262727e+00,-4.427372e+00,-4.591249e+00,-4.753713e+00,-4.914140e+00,-5.071941e+00,-5.226560e+00,-5.377476e+00,-5.524208e+00,-5.666314e+00,-5.803394e+00,-5.935090e+00,-6.061085e+00,-6.181106e+00,-6.294920e+00,-6.402335e+00,-6.503200e+00,-6.597400e+00,-6.684857e+00,-6.765526e+00,-6.839396e+00,-6.906486e+00,-6.966841e+00,-7.020532e+00,-7.067655e+00,-7.108325e+00,-7.142677e+00,-7.170860e+00,-7.193039e+00,-7.209393e+00,-7.220107e+00,-7.225379e+00,-7.225411e+00,-7.220412e+00,-7.210592e+00,-7.196166e+00,-7.177350e+00,-7.154359e+00,-7.127407e+00,-7.096708e+00,-7.062471e+00
-7.073523e+00,-7.107143e+00,-7.137059e+00,-7.163043e+00,-7.184864e+00,-7.202290e+00,-7.215084e+00,-7.223011e+00,-7.225832e+00,-7.223314e+00,-7.215223e+00,-7.201331e+00,-7.181416e+00,-7.155264e+00,-7.122669e+00,-7.083437e+00,-7.037390e+00,-6.984365e+00,-6.924216e+00,-6.856820e+00,-6.782078e+00,-6.699916e+00,-6.610290e+00,-6.513187e+00,-6.408628e+00,-6.296672e+00,-6.177416e+00,-6.050997e+00,-5.917597e+00,-5.777444e+00,-5.630808e+00,-5.478010e+00,-5.319418e+00,-5.155446e+00,-4.986558e+00,-4.813262e+00,-4.636112e+00,-4.455707e+00,-4.272683e+00,-4.087716e+00,-3.901515e+00,-3.714817e+00,-3.528387e+00,-3.343007e+00,-3.159475e+00,-2.978599e+00,-2.801189e+00,-2.628055e+00,-2.459996e+00,-2.297800e+00,-2.142234e+00,-1.994041e+00,-1.853933e+00,-1.722588e+00,-1.600646e+00,-1.488702e+00,-1.387303e+00,-1.296948e+00,-1.218081e+00,-1.151089e+00,-1.096304e+00,-1.053994e+00,-1.024369e+00,-1.007575e+00,-1.003694e+00,-1.012746e+00,-1.034686e+00,-1.069406e+00,-1.116734e+00,-1.176438e+00,-1.248223e+00,-1.331735e+00,-1.426564e+00,-1.532244e+00,-1.648256e+00,-1.774033e+00,-1.908961e+00,-2.052387e+00,-2.203617e+00,-2.361926e+00,-2.526560e+00,-2.696744e+00,-2.871685e+00,-3.050579e+00,-3.232614e+00,-3.416982e+00,-3.602877e+00,-3.789508e+00,-3.976097e+00,-4.161892e+00,-4.346164e+00,-4.528220e+00,-4.707397e+00,-4.883074e+00,-5.054671e+00,-5.221652e+00,-5.383525e+00,-5.539846e+00,-5.690221e+00,-5.834299e+00,-5.971781e+00,-6.102413e+00,-6.225986e+00,-6.342337e+00,-6.451344e+00,-6.552925e+00,-6.647038e+00,-6.733675e+00,-6.812862e+00,-6.884655e+00,-6.949139e+00,-7.006422e+00,-7.056638e+00,-7.099938e+00,-7.136493e+00,-7.166487e+00,-7.190119e+00,-7.207598e+00,-7.219143e+00,-7.224977e+00,-7.225331e+00,-7.220439e+00,-7.210538e+00,-7.195862e+00,-7.176650e+00,-7.153136e+00,-7.125552e+00,-7.094127e+00
-7.103909e+00,-7.134639e+00,-7.161352e+00,-7.183798e+00,-7.201725e+00,-7.214880e+00,-7.223002e+00,-7.225832e+00,-7.223110e+00,-7.214576e+00,-7.199973e+00,-7.179048e+00,-7.151553e+00,-7.117251e+00,-7.075910e+00,-7.027314e+00,-6.971262e+00,-6.907566e+00,-6.836064e+00,-6.756613e+00,-6.669095e+00,-6.573424e+00,-6.469544e+00,-6.357433e+00,-6.237109e+00,-6.108629e+00,-5.972093e+00,-5.827648e+00,-5.675490e+00,-5.515864e+00,-5.349067e+00,-5.175451e+00,-4.995419e+00,-4.809432e+00,-4.618001e+00,-4.421692e+00,-4.221123e+00,-4.016961e+00,-3.809917e+00,-3.600748e+00,-3.390246e+00,-3.179241e+00,-2.968589e+00,-2.759170e+00,-2.551881e+00,-2.347629e+00,-2.147327e+00,-1.951883e+00,-1.762198e+00,-1.579156e+00,-1.403622e+00,-1.236429e+00,-1.078378e+00,-9.302315e-01,-7.927055e-01,-6.664685e-01,-5.521351e-01,-4.502632e-01,-3.613506e-01,-2.858320e-01,-2.240766e-01,-1.763869e-01,-1.429959e-01,-1.240672e-01,-1.196933e-01,-1.298957e-01,-1.546244e-01,-1.937584e-01,-2.471063e-01,-3.144070e-01,-3.953313e-01,-4.894834e-01,-5.964030e-01,-7.155681e-01,-8.463975e-01,-9.882548e-01,-1.140452e+00,-1.302253e+00,-1.472881e+00,-1.651520e+00,-1.837323e+00,-2.029419e+00,-2.226915e+00,-2.428907e+00,-2.634483e+00,-2.842733e+00,-3.052752e+00,-3.263650e+00,-3.474554e+00,-3.684621e+00,-3.893033e+00,-4.099013e+00,-4.301821e+00,-4.500762e+00,-4.695191e+00,-4.884510e+00,-5.068174e+00,-5.245691e+00,-5.416625e+00,-5.580593e+00,-5.737265e+00,-5.886364e+00,-6.027666e+00,-6.160994e+00,-6.286222e+00,-6.403265e+00,-6.512083e+00,-6.612675e+00,-6.705076e+00,-6.789355e+00,-6.865612e+00,-6.933973e+00,-6.994590e+00,-7.047636e+00,-7.093305e+00,-7.131804e+00,-7.163355e+00,-7.188192e+00,-7.206559e+00,-7.218703e+00,-7.224882e+00,-7.225352e+00,-7.220373e+00,-7.210207e+00,-7.195113e+00,-7.175347e+00,-7.151165e+00,-7.122816e+00
-7.131352e+00,-7.158932e+00,-7.182156e+00,-7.200754e+00,-7.214450e+00,-7.222964e+00,-7.226014e+00,-7.223314e+00,-7.214576e+00,-7.199514e+00,-7.177845e+00,-7.149286e+00,-7.113563e+00,-7.070410e+00,-7.019568e+00,-6.960795e+00,-6.893861e+00,-6.818556e+00,-6.734693e+00,-6.642106e+00,-6.540660e+00,-6.430249e+00,-6.310804e+00,-6.182294e+00,-6.044727e+00,-5.898158e+00,-5.742692e+00,-5.578483e+00,-5.405738e+00,-5.224725e+00,-5.035765e+00,-4.839244e+00,-4.635606e+00,-4.425357e+00,-4.209065e+00,-3.987358e+00,-3.760924e+00,-3.530505e+00,-3.296896e+00,-3.060944e+00,-2.823537e+00,-2.585604e+00,-2.348106e+00,-2.112032e+00,-1.878389e+00,-1.648199e+00,-1.422485e+00,-1.202271e+00,-9.885696e-01,-7.823754e-01,-5.846584e-01,-3.963565e-01,-2.183694e-01,-5.155204e-02,1.032911e-01,2.454108e-01,3.741181e-01,4.887880e-01,5.888634e-01,6.738578e-01,7.433581e-01,7.970265e-01,8.346023e-01,8.559028e-01,8.608247e-01,8.493440e-01,8.215165e-01,7.774774e-01,7.174406e-01,6.416979e-01,5.506173e-01,4.446417e-01,3.242861e-01,1.901352e-01,4.283999e-02,-1.168860e-01,-2.882707e-01,-4.704889e-01,-6.626671e-01,-8.638895e-01,-1.073205e+00,-1.289632e+00,-1.512168e+00,-1.739795e+00,-1.971490e+00,-2.206227e+00,-2.442990e+00,-2.680779e+00,-2.918616e+00,-3.155550e+00,-3.390669e+00,-3.623101e+00,-3.852019e+00,-4.076648e+00,-4.296268e+00,-4.510214e+00,-4.717884e+00,-4.918733e+00,-5.112279e+00,-5.298103e+00,-5.475845e+00,-5.645204e+00,-5.805938e+00,-5.957860e+00,-6.100838e+00,-6.234786e+00,-6.359669e+00,-6.475494e+00,-6.582309e+00,-6.680197e+00,-6.769277e+00,-6.849695e+00,-6.921627e+00,-6.985271e+00,-7.040843e+00,-7.088579e+00,-7.128729e+00,-7.161554e+00,-7.187324e+00,-7.206316e+00,-7.218814e+00,-7.225102e+00,-7.225468e+00,-7.220198e+00,-7.209577e+00,-7.193887e+00,-7.173407e+00,-7.148408e+00
-7.155735e+00,-7.179891e+00,-7.199329e+00,-7.213754e+00,-7.222864e+00,-7.226353e+00,-7.223911e+00,-7.215223e+00,-7.199973e+00,-7.177845e+00,-7.148523e+00,-7.111697e+00,-7.067059e+00,-7.014313e+00,-6.953168e+00,-6.883352e+00,-6.804606e+00,-6.716690e+00,-6.619388e+00,-6.512512e+00,-6.395901e+00,-6.269430e+00,-6.133011e+00,-5.986599e+00,-5.830196e+00,-5.663850e+00,-5.487666e+00,-5.301806e+00,-5.106491e+00,-4.902007e+00,-4.688704e+00,-4.467001e+00,-4.237388e+00,-4.000421e+00,-3.756728e+00,-3.507006e+00,-3.252019e+00,-2.992594e+00,-2.729620e+00,-2.464041e+00,-2.196855e+00,-1.929101e+00,-1.661859e+00,-1.396238e+00,-1.133371e+00,-8.744055e-01,-6.204940e-01,-3.727866e-01,-1.324218e-01,9.948174e-02,3.218340e-01,5.335812e-01,7.337131e-01,9.212703e-01,1.095350e+00,1.255114e+00,1.399788e+00,1.528675e+00,1.641150e+00,1.736670e+00,1.814773e+00,1.875083e+00,1.917306e+00,1.941241e+00,1.946772e+00,1.933871e+00,1.902602e+00,1.853115e+00,1.785648e+00,1.700528e+00,1.598166e+00,1.479057e+00,1.343776e+00,1.192977e+00,1.027391e+00,8.478154e-01,6.551168e-01,4.502206e-01,2.341076e-01,7.806141e-03,-2.276145e-01,-4.710518e-01,-7.213784e-01,-9.774499e-01,-1.238114e+00,-1.502219e+00,-1.768624e+00,-2.036202e+00,-2.303857e+00,-2.570523e+00,-2.835176e+00,-3.096841e+00,-3.354594e+00,-3.607571e+00,-3.854969e+00,-4.096051e+00,-4.330148e+00,-4.556661e+00,-4.775058e+00,-4.984880e+00,-5.185735e+00,-5.377299e+00,-5.559311e+00,-5.731576e+00,-5.893954e+00,-6.046364e+00,-6.188776e+00,-6.321208e+00,-6.443722e+00,-6.556422e+00,-6.659448e+00,-6.752971e+00,-6.837192e+00,-6.912336e+00,-6.978652e+00,-7.036403e+00,-7.085871e+00,-7.127348e+00,-7.161135e+00,-7.187541e+00,-7.206880e+00,-7.219468e+00,-7.225620e+00,-7.225652e+00,-7.219877e+00,-7.208605e+00,-7.192139e+00,-7.170779e+00
-7.176940e+00,-7.197390e+00,-7.212732e+00,-7.222645e+00,-7.226799e+00,-7.224860e+00,-7.216486e+00,-7.201331e+00,-7.179048e+00,-7.149286e+00,-7.111697e+00,-7.065934e+00,-7.011657e+00,-6.948532e+00,-6.876236e+00,-6.794460e+00,-6.702910e+00,-6.601316e+00,-6.489428e+00,-6.367029e+00,-6.233930e+00,-6.089982e+00,-5.935076e+00,-5.769150e+00,-5.592192e+00,-5.404245e+00,-5.205411e+00,-4.995858e+00,-4.775819e+00,-4.545599e+00,-4.305579e+00,-4.056214e+00,-3.798039e+00,-3.531667e+00,-3.257792e+00,-2.977185e+00,-2.690694e+00,-2.399242e+00,-2.103819e+00,-1.805482e+00,-1.505347e+00,-1.204580e+00,-9.043914e-01,-6.060285e-01,-3.107635e-01,-1.988617e-02,2.653072e-01,5.435232e-01,8.134817e-01,1.073925e+00,1.323629e+00,1.561408e+00,1.786130e+00,1.996719e+00,2.192161e+00,2.371517e+00,2.533923e+00,2.678596e+00,2.804840e+00,2.912047e+00,2.999702e+00,3.067384e+00,3.114768e+00,3.141628e+00,3.147834e+00,3.133357e+00,3.098267e+00,3.042731e+00,2.967015e+00,2.871483e+00,2.756595e+00,2.622901e+00,2.471046e+00,2.301762e+00,2.115863e+00,1.914246e+00,1.697879e+00,1.467801e+00,1.225113e+00,9.709688e-01,7.065703e-01,4.331564e-01,1.519949e-01,-1.356277e-01,-4.284155e-01,-7.250736e-01,-1.024318e+00,-1.324886e+00,-1.625543e+00,-1.925096e+00,-2.222398e+00,-2.516356e+00,-2.805939e+00,-3.090183e+00,-3.368195e+00,-3.639157e+00,-3.902329e+00,-4.157049e+00,-4.402736e+00,-4.638886e+00,-4.865075e+00,-5.080952e+00,-5.286242e+00,-5.480737e+00,-5.664298e+00,-5.836845e+00,-5.998358e+00,-6.148871e+00,-6.288464e+00,-6.417263e+00,-6.535433e+00,-6.643175e+00,-6.740721e+00,-6.828327e+00,-6.906275e+00,-6.974865e+00,-7.034411e+00,-7.085242e+00,-7.127694e+00,-7.162110e+00,-7.188839e+00,-7.208229e+00,-7.220630e+00,-7.226389e+00,-7.225850e+00,-7.219352e+00,-7.207229e+00,-7.189806e+00
-7.194859e+00,-7.211307e+00,-7.222231e+00,-7.227279e+00,-7.226093e+00,-7.218304e+00,-7.203539e+00,-7.181416e+00,-7.151553e+00,-7.113563e+00,-7.067059e+00,-7.011657e+00,-6.946977e+00,-6.872645e+00,-6.788298e+00,-6.693590e+00,-6.588186e+00,-6.471779e+00,-6.344084e+00,-6.204846e+00,-6.053846e+00,-5.890906e+00,-5.715891e+00,-5.528717e+00,-5.329356e+00,-5.117841e+00,-4.894270e+00,-4.658813e+00,-4.411716e+00,-4.153303e+00,-3.883983e+00,-3.604252e+00,-3.314693e+00,-3.015980e+00,-2.708878e+00,-2.394240e+00,-2.073008e+00,-1.746207e+00,-1.414945e+00,-1.080401e+00,-7.438235e-01,-4.065210e-01,-6.985193e-02,2.647838e-01,5.959559e-01,9.222144e-01,1.242102e+00,1.554163e+00,1.856958e+00,2.149075e+00,2.429136e+00,2.695813e+00,2.947832e+00,3.183986e+00,3.403143e+00,3.604248e+00,3.786336e+00,3.948531e+00,4.090057e+00,4.210235e+00,4.308490e+00,4.384354e+00,4.437466e+00,4.467571e+00,4.474527e+00,4.458301e+00,4.418970e+00,4.356721e+00,4.271851e+00,4.164765e+00,4.035973e+00,3.886092e+00,3.715841e+00,3.526036e+00,3.317589e+00,3.091503e+00,2.848862e+00,2.590831e+00,2.318645e+00,2.033599e+00,1.737043e+00,1.430370e+00,1.115005e+00,7.923939e-01,4.639952e-01,1.312645e-01,-2.043547e-01,-5.414431e-01,-8.786160e-01,-1.214534e+00,-1.547911e+00,-1.877526e+00,-2.202228e+00,-2.520941e+00,-2.832673e+00,-3.136517e+00,-3.431655e+00,-3.717359e+00,-3.992990e+00,-4.258002e+00,-4.511932e+00,-4.754408e+00,-4.985136e+00,-5.203900e+00,-5.410562e+00,-5.605049e+00,-5.787352e+00,-5.957525e+00,-6.115670e+00,-6.261941e+00,-6.396534e+00,-6.519682e+00,-6.631651e+00,-6.732738e+00,-6.823261e+00,-6.903559e+00,-6.973986e+00,-7.034910e+00,-7.086707e+00,-7.129759e+00,-7.164452e+00,-7.191173e+00,-7.210306e+00,-7.222236e+00,-7.227339e+00,-7.225988e+00,-7.218547e+00,-7.205372e+00
-7.209384e+00,-7.221526e+00,-7.227698e+00,-7.227516e+00,-7.220588e+00,-7.206512e+00,-7.184877e+00,-7.155264e+00,-7.117251e+00,-7.070410e+00,-7.014313e+00,-6.948532e+00,-6.872645e+00,-6.786232e+00,-6.688889e+00,-6.580220e+00,-6.459851e+00,-6.327429e+00,-6.182626e+00,-6.025150e+00,-5.854742e+00,-5.671190e+00,-5.474328e+00,-5.264046e+00,-5.040296e+00,-4.803096e+00,-4.552536e+00,-4.288787e+00,-4.012105e+00,-3.722832e+00,-3.421408e+00,-3.108367e+00,-2.784348e+00,-2.450087e+00,-2.106428e+00,-1.754313e+00,-1.394787e+00,-1.028992e+00,-6.581608e-01,-2.836123e-01,9.325622e-02,4.709786e-01,8.480299e-01,1.222838e+00,1.593795e+00,1.959270e+00,2.317625e+00,2.667223e+00,3.006444e+00,3.333701e+00,3.647447e+00,3.946189e+00,4.228500e+00,4.493025e+00,4.738497e+00,4.963735e+00,5.167661e+00,5.349298e+00,5.507777e+00,5.642344e+00,5.752358e+00,5.837298e+00,5.896761e+00,5.930466e+00,5.938253e+00,5.920087e+00,5.876053e+00,5.806359e+00,5.711335e+00,5.591431e+00,5.447215e+00,5.279376e+00,5.088713e+00,4.876139e+00,4.642672e+00,4.389432e+00,4.117636e+00,3.828586e+00,3.523667e+00,3.204334e+00,2.872103e+00,2.528538e+00,2.175243e+00,1.813843e+00,1.445978e+00,1.073286e+00,6.973896e-01,3.198836e-01,-5.767718e-02,-4.337900e-01,-8.070151e-01,-1.175986e+00,-1.539416e+00,-1.896109e+00,-2.244961e+00,-2.584969e+00,-2.915228e+00,-3.234939e+00,-3.543403e+00,-3.840026e+00,-4.124310e+00,-4.395855e+00,-4.654354e+00,-4.899586e+00,-5.131413e+00,-5.349774e+00,-5.554678e+00,-5.746200e+00,-5.924472e+00,-6.089679e+00,-6.242052e+00,-6.381866e+00,-6.509426e+00,-6.625071e+00,-6.729163e+00,-6.822087e+00,-6.904239e+00,-6.976034e+00,-7.037890e+00,-7.090233e+00,-7.133491e+00,-7.168093e+00,-7.194465e+00,-7.213027e+00,-7.224195e+00,-7.228376e+00,-7.225970e+00,-7.217365e+00
-7.220418e+00,-7.227939e+00,-7.229012e+00,-7.223222e+00,-7.210138e+00,-7.189319e+00,-7.160316e+00,-7.122669e+00,-7.075910e+00,-7.019568e+00,-6.953168e+00,-6.876236e+00,-6.788298e+00,-6.688889e+00,-6.577550e+00,-6.453838e+00,-6.317328e+00,-6.167617e+00,-6.004330e+00,-5.827127e+00,-5.635707e+00,-5.429815e+00,-5.209250e+00,-4.973869e+00,-4.723599e+00,-4.458436e+00,-4.178462e+00,-3.883844e+00,-3.574843e+00,-3.251821e+00,-2.915247e+00,-2.565697e+00,-2.203865e+00,-1.830558e+00,-1.446702e+00,-1.053339e+00,-6.516265e-01,-2.428335e-01,1.716654e-01,5.903964e-01,1.011796e+00,1.434221e+00,1.855959e+00,2.275245e+00,2.690271e+00,3.099203e+00,3.500197e+00,3.891413e+00,4.271030e+00,4.637262e+00,4.988372e+00,5.322684e+00,5.638597e+00,5.934594e+00,6.209254e+00,6.461260e+00,6.689406e+00,6.892602e+00,7.069881e+00,7.220401e+00,7.343452e+00,7.438452e+00,7.504956e+00,7.542651e+00,7.551361e+00,7.531045e+00,7.481797e+00,7.403850e+00,7.297568e+00,7.163452e+00,7.002136e+00,6.814382e+00,6.601083e+00,6.363256e+00,6.102037e+00,5.818678e+00,5.514538e+00,5.191079e+00,4.849851e+00,4.492488e+00,4.120690e+00,3.736217e+00,3.340870e+00,2.936479e+00,2.524888e+00,2.107940e+00,1.687458e+00,1.265236e+00,8.430195e-01,4.224943e-01,5.273310e-03,-4.071147e-01,-8.132346e-01,-1.211753e+00,-1.601446e+00,-1.981201e+00,-2.350023e+00,-2.707032e+00,-3.051468e+00,-3.382685e+00,-3.700148e+00,-4.003434e+00,-4.292221e+00,-4.566285e+00,-4.825495e+00,-5.069806e+00,-5.299247e+00,-5.513922e+00,-5.713998e+00,-5.899698e+00,-6.071296e+00,-6.229110e+00,-6.373494e+00,-6.504835e+00,-6.623546e+00,-6.730059e+00,-6.824824e+00,-6.908303e+00,-6.980966e+00,-7.043285e+00,-7.095737e+00,-7.138795e+00,-7.172929e+00,-7.198604e+00,-7.216275e+00,-7.226389e+00,-7.229383e+00,-7.225681e+00
-7.227869e+00,-7.230443e+00,-7.226063e+00,-7.214272e+00,-7.194603e+00,-7.166572e+00,-7.129685e+00,-7.083437e+00,-7.027314e+00,-6.960795e+00,-6.883352e+00,-6.794460e+00,-6.693590e+00,-6.580220e+00,-6.453838e+00,-6.313943e+00,-6.160052e+00,-5.991708e+00,-5.808479e+00,-5.609971e+00,-5.395833e+00,-5.165763e+00,-4.919514e+00,-4.656906e+00,-4.377831e+00,-4.082264e+00,-3.770267e+00,-3.442000e+00,-3.097730e+00,-2.737833e+00,-2.362807e+00,-1.973273e+00,-1.569980e+00,-1.153812e+00,-7.257852e-01,-2.870486e-01,1.611157e-01,6.172979e-01,1.079966e+00,1.547474e+00,2.018073e+00,2.489919e+00,2.961092e+00,3.429607e+00,3.893432e+00,4.350504e+00,4.798748e+00,5.236093e+00,5.660494e+00,6.069940e+00,6.462481e+00,6.836236e+00,7.189409e+00,7.520302e+00,7.827325e+00,8.109007e+00,8.364000e+00,8.591092e+00,8.789205e+00,8.957404e+00,9.094899e+00,9.201047e+00,9.275351e+00,9.317467e+00,9.327198e+00,9.304499e+00,9.249476e+00,9.162385e+00,9.043630e+00,8.893768e+00,8.713500e+00,8.503675e+00,8.265286e+00,7.999464e+00,7.707477e+00,7.390723e+00,7.050720e+00,6.689105e+00,6.307615e+00,5.908082e+00,5.492417e+00,5.062595e+00,4.620642e+00,4.168618e+00,3.708596e+00,3.242649e+00,2.772829e+00,2.301152e+00,1.829579e+00,1.360000e+00,8.942234e-01,4.339583e-01,-1.919388e-02,-4.637493e-01,-8.983487e-01,-1.321763e+00,-1.732895e+00,-2.130782e+00,-2.514596e+00,-2.883638e+00,-3.237337e+00,-3.575245e+00,-3.897029e+00,-4.202468e+00,-4.491441e+00,-4.763920e+00,-5.019968e+00,-5.259720e+00,-5.483385e+00,-5.691231e+00,-5.883582e+00,-6.060808e+00,-6.223318e+00,-6.371554e+00,-6.505985e+00,-6.627101e+00,-6.735408e+00,-6.831425e+00,-6.915674e+00,-6.988684e+00,-7.050982e+00,-7.103092e+00,-7.145535e+00,-7.178819e+00,-7.203447e+00,-7.219907e+00,-7.228679e+00,-7.230223e+00
-7.231653e+00,-7.228949e+00,-7.218747e+00,-7.200554e+00,-7.173857e+00,-7.138127e+00,-7.092823e+00,-7.037390e+00,-6.971262e+00,-6.893861e+00,-6.804606e+00,-6.702910e+00,-6.588186e+00,-6.459851e+00,-6.317328e+00,-6.160052e+00,-5.987478e+00,-5.799082e+00,-5.594372e+00,-5.372891e+00,-5.134227e+00,-4.878024e+00,-4.603982e+00,-4.311875e+00,-4.001556e+00,-3.672965e+00,-3.326144e+00,-2.961239e+00,-2.578517e+00,-2.178367e+00,-1.761314e+00,-1.328024e+00,-8.793071e-01,-4.161247e-01,6.040912e-02,5.490273e-01,1.048311e+00,1.556696e+00,2.072475e+00,2.593810e+00,3.118742e+00,3.645207e+00,4.171047e+00,4.694032e+00,5.211876e+00,5.722259e+00,6.222846e+00,6.711305e+00,7.185335e+00,7.642679e+00,8.081143e+00,8.498617e+00,8.893089e+00,9.262657e+00,9.605544e+00,9.920107e+00,1.020485e+01,1.045841e+01,1.067960e+01,1.086737e+01,1.102086e+01,1.113935e+01,1.122229e+01,1.126930e+01,1.128016e+01,1.125483e+01,1.119341e+01,1.109619e+01,1.096363e+01,1.079633e+01,1.059507e+01,1.036080e+01,1.009462e+01,9.797780e+00,9.471699e+00,9.117935e+00,8.738185e+00,8.334277e+00,7.908160e+00,7.461886e+00,6.997601e+00,6.517525e+00,6.023936e+00,5.519151e+00,5.005504e+00,4.485326e+00,3.960927e+00,3.434573e+00,2.908467e+00,2.384732e+00,1.865391e+00,1.352356e+00,8.474148e-01,3.522173e-01,-1.317289e-01,-6.030656e-01,-1.060587e+00,-1.503240e+00,-1.930124e+00,-2.340487e+00,-2.733722e+00,-3.109357e+00,-3.467053e+00,-3.806594e+00,-4.127875e+00,-4.430897e+00,-4.715755e+00,-4.982630e+00,-5.231779e+00,-5.463523e+00,-5.678244e+00,-5.876372e+00,-6.058378e+00,-6.224768e+00,-6.376076e+00,-6.512856e+00,-6.635677e+00,-6.745119e+00,-6.841768e+00,-6.926211e+00,-6.999033e+00,-7.060815e+00,-7.112129e+00,-7.153537e+00,-7.185590e+00,-7.208823e+00,-7.223759e+00,-7.230903e+00
-7.231697e+00,-7.223372e+00,-7.206975e+00,-7.181966e+00,-7.147786e+00,-7.103858e+00,-7.049587e+00,-6.984365e+00,-6.907566e+00,-6.818556e+00,-6.716690e+00,-6.601316e+00,-6.471779e+00,-6.327429e+00,-6.167617e+00,-5.991708e+00,-5.799082e+00,-5.589145e+00,-5.361332e+00,-5.115114e+00,-4.850014e+00,-4.565605e+00,-4.261530e+00,-3.937506e+00,-3.593337e+00,-3.228923e+00,-2.844275e+00,-2.439521e+00,-2.014920e+00,-1.570873e+00,-1.107929e+00,-6.267977e-01,-1.283520e-01,3.863628e-01,9.161276e-01,1.459548e+00,2.015056e+00,2.580914e+00,3.155223e+00,3.735929e+00,4.320841e+00,4.907644e+00,5.493915e+00,6.077147e+00,6.654768e+00,7.224168e+00,7.782716e+00,8.327790e+00,8.856801e+00,9.367210e+00,9.856554e+00,1.032247e+01,1.076269e+01,1.117510e+01,1.155771e+01,1.190868e+01,1.222636e+01,1.250922e+01,1.275595e+01,1.296539e+01,1.313658e+01,1.326872e+01,1.336122e+01,1.341364e+01,1.342575e+01,1.339750e+01,1.332901e+01,1.322059e+01,1.307275e+01,1.288616e+01,1.266167e+01,1.240034e+01,1.210338e+01,1.177220e+01,1.140836e+01,1.101360e+01,1.058982e+01,1.013906e+01,9.663498e+00,9.165438e+00,8.647288e+00,8.111544e+00,7.560767e+00,6.997563e+00,6.424559e+00,5.844382e+00,5.259629e+00,4.672849e+00,4.086517e+00,3.503016e+00,2.924614e+00,2.353447e+00,1.791510e+00,1.240638e+00,7.025010e-01,1.785987e-01,-3.297450e-01,-8.213808e-01,-1.295333e+00,-1.750794e+00,-2.187120e+00,-2.603821e+00,-3.000557e+00,-3.377120e+00,-3.733431e+00,-4.069524e+00,-4.385540e+00,-4.681710e+00,-4.958348e+00,-5.215842e+00,-5.454637e+00,-5.675235e+00,-5.878177e+00,-6.064043e+00,-6.233438e+00,-6.386988e+00,-6.525335e+00,-6.649128e+00,-6.759021e+00,-6.855667e+00,-6.939715e+00,-7.011808e+00,-7.072575e+00,-7.122636e+00,-7.162595e+00,-7.193039e+00,-7.214537e+00,-7.227641e+00
-7.227938e+00,-7.213645e+00,-7.190668e+00,-7.158420e+00,-7.116292e+00,-7.063652e+00,-6.999850e+00,-6.924216e+00,-6.836064e+00,-6.734693e+00,-6.619388e+00,-6.489428e+00,-6.344084e+00,-6.182626e+00,-6.004330e+00,-5.808479e+00,-5.594372e+00,-5.361332e+00,-5.108711e+00,-4.835903e+00,-4.542346e+00,-4.227542e+00,-3.891059e+00,-3.532549e+00,-3.151756e+00,-2.748531e+00,-2.322844e+00,-1.874797e+00,-1.404637e+00,-9.127678e-01,-3.997616e-01,1.336306e-01,6.864703e-01,1.257625e+00,1.845762e+00,2.449350e+00,3.066657e+00,3.695755e+00,4.334530e+00,4.980690e+00,5.631783e+00,6.285212e+00,6.938257e+00,7.588098e+00,8.231841e+00,8.866547e+00,9.489254e+00,1.009701e+01,1.068690e+01,1.125608e+01,1.180177e+01,1.232131e+01,1.281220e+01,1.327203e+01,1.369861e+01,1.408988e+01,1.444399e+01,1.475927e+01,1.503425e+01,1.526765e+01,1.545840e+01,1.560564e+01,1.570870e+01,1.576710e+01,1.578059e+01,1.574912e+01,1.567281e+01,1.555202e+01,1.538728e+01,1.517935e+01,1.492918e+01,1.463792e+01,1.430692e+01,1.393773e+01,1.353211e+01,1.309197e+01,1.261944e+01,1.211680e+01,1.158648e+01,1.103107e+01,1.045327e+01,9.855890e+00,9.241800e+00,8.613938e+00,7.975263e+00,7.328730e+00,6.677264e+00,6.023732e+00,5.370917e+00,4.721493e+00,4.078001e+00,3.442832e+00,2.818207e+00,2.206167e+00,1.608563e+00,1.027046e+00,4.630688e-01,-8.211679e-02,-6.074566e-01,-1.112088e+00,-1.595332e+00,-2.056687e+00,-2.495811e+00,-2.912517e+00,-3.306759e+00,-3.678615e+00,-4.028278e+00,-4.356043e+00,-4.662292e+00,-4.947486e+00,-5.212149e+00,-5.456862e+00,-5.682249e+00,-5.888971e+00,-6.077715e+00,-6.249189e+00,-6.404114e+00,-6.543218e+00,-6.667228e+00,-6.776873e+00,-6.872872e+00,-6.955933e+00,-7.026752e+00,-7.086010e+00,-7.134369e+00,-7.172471e+00,-7.200938e+00,-7.220372e+00
-7.220323e+00,-7.199709e+00,-7.169762e+00,-7.129844e+00,-7.079292e+00,-7.017415e+00,-6.943503e+00,-6.856820e+00,-6.756613e+00,-6.642106e+00,-6.512512e+00,-6.367029e+00,-6.204846e+00,-6.025150e+00,-5.827127e+00,-5.609971e+00,-5.372891e+00,-5.115114e+00,-4.835903e+00,-4.534554e+00,-4.210419e+00,-3.862908e+00,-3.491507e+00,-3.095788e+00,-2.675425e+00,-2.230207e+00,-1.760054e+00,-1.265031e+00,-7.453637e-01,-2.014537e-01,3.661093e-01,9.565336e-01,1.568816e+00,2.201731e+00,2.853828e+00,3.523424e+00,4.208610e+00,4.907249e+00,5.616987e+00,6.335268e+00,7.059346e+00,7.786308e+00,8.513100e+00,9.236550e+00,9.953400e+00,1.066034e+01,1.135403e+01,1.203115e+01,1.268843e+01,1.332264e+01,1.393069e+01,1.450960e+01,1.505654e+01,1.556885e+01,1.604406e+01,1.647989e+01,1.687429e+01,1.722539e+01,1.753159e+01,1.779145e+01,1.800382e+01,1.816773e+01,1.828244e+01,1.834745e+01,1.836247e+01,1.832744e+01,1.824250e+01,1.810803e+01,1.792464e+01,1.769315e+01,1.741459e+01,1.709026e+01,1.672163e+01,1.631042e+01,1.585858e+01,1.536825e+01,1.484178e+01,1.428172e+01,1.369081e+01,1.307193e+01,1.242811e+01,1.176251e+01,1.107836e+01,1.037897e+01,9.667663e+00,8.947778e+00,8.222605e+00,7.495370e+00,6.769202e+00,6.047102e+00,5.331919e+00,4.626325e+00,3.932797e+00,3.253603e+00,2.590790e+00,1.946177e+00,1.321353e+00,7.176799e-01,1.362917e-01,-4.218935e-01,-9.561663e-01,-1.466014e+00,-1.951107e+00,-2.411285e+00,-2.846544e+00,-3.257017e+00,-3.642964e+00,-4.004752e+00,-4.342847e+00,-4.657793e+00,-4.950205e+00,-5.220757e+00,-5.470164e+00,-5.699180e+00,-5.908587e+00,-6.099182e+00,-6.271775e+00,-6.427180e+00,-6.566211e+00,-6.689675e+00,-6.798368e+00,-6.893074e+00,-6.974559e+00,-7.043570e+00,-7.100832e+00,-7.147050e+00,-7.182901e+00,-7.209040e+00
-7.208815e+00,-7.181520e+00,-7.144207e+00,-7.096182e+00,-7.036721e+00,-6.965074e+00,-6.880461e+00,-6.782078e+00,-6.669095e+00,-6.540660e+00,-6.395901e+00,-6.233930e+00,-6.053846e+00,-5.854742e+00,-5.635707e+00,-5.395833e+00,-5.134227e+00,-4.850014e+00,-4.542346e+00,-4.210419e+00,-3.853477e+00,-3.470829e+00,-3.061863e+00,-2.626059e+00,-2.163005e+00,-1.672415e+00,-1.154146e+00,-6.082156e-01,-3.481775e-02,5.656575e-01,1.192609e+00,1.845207e+00,2.522384e+00,3.222821e+00,3.944938e+00,4.686893e+00,5.446580e+00,6.221632e+00,7.009433e+00,7.807129e+00,8.611648e+00,9.419722e+00,1.022792e+01,1.103267e+01,1.183031e+01,1.261710e+01,1.338929e+01,1.414313e+01,1.487494e+01,1.558110e+01,1.625813e+01,1.690268e+01,1.751160e+01,1.808192e+01,1.861088e+01,1.909595e+01,1.953484e+01,1.992551e+01,2.026616e+01,2.055524e+01,2.079145e+01,2.097375e+01,2.110133e+01,2.117363e+01,2.119033e+01,2.115137e+01,2.105691e+01,2.090736e+01,2.070339e+01,2.044588e+01,2.013601e+01,1.977515e+01,1.936496e+01,1.890734e+01,1.840442e+01,1.785861e+01,1.727251e+01,1.664896e+01,1.599103e+01,1.530194e+01,1.458509e+01,1.384403e+01,1.308240e+01,1.230392e+01,1.151234e+01,1.071142e+01,9.904851e+00,9.096282e+00,8.289227e+00,7.487055e+00,6.692960e+00,5.909929e+00,5.140723e+00,4.387859e+00,3.653601e+00,2.939950e+00,2.248643e+00,1.581153e+00,9.386988e-01,3.222517e-01,-2.674526e-01,-8.298991e-01,-1.364778e+00,-1.871968e+00,-2.351517e+00,-2.803630e+00,-3.228643e+00,-3.627014e+00,-3.999301e+00,-4.346151e+00,-4.668280e+00,-4.966467e+00,-5.241534e+00,-5.494341e+00,-5.725771e+00,-5.936725e+00,-6.128111e+00,-6.300841e+00,-6.455820e+00,-6.593944e+00,-6.716094e+00,-6.823137e+00,-6.915913e+00,-6.995245e+00,-7.061925e+00,-7.116723e+00,-7.160379e+00,-7.193603e+00
-7.193387e+00,-7.159051e+00,-7.113971e+00,-7.057396e+00,-6.988537e+00,-6.906577e+00,-6.810664e+00,-6.699916e+00,-6.573424e+00,-6.430249e+00,-6.269430e+00,-6.089982e+00,-5.890906e+00,-5.671190e+00,-5.429815e+00,-5.165763e+00,-4.878024e+00,-4.565605e+00,-4.227542e+00,-3.862908e+00,-3.470829e+00,-3.050497e+00,-2.601184e+00,-2.122263e+00,-1.613221e+00,-1.073682e+00,-5.034235e-01,9.759910e-02,7.292349e-01,1.391116e+00,2.082637e+00,2.802938e+00,3.550887e+00,4.325068e+00,5.123766e+00,5.944968e+00,6.786355e+00,7.645307e+00,8.518917e+00,9.403999e+00,1.029712e+01,1.119460e+01,1.209260e+01,1.298709e+01,1.387395e+01,1.474896e+01,1.560790e+01,1.644654e+01,1.726074e+01,1.804642e+01,1.879969e+01,1.951680e+01,2.019420e+01,2.082858e+01,2.141689e+01,2.195630e+01,2.244430e+01,2.287861e+01,2.325726e+01,2.357854e+01,2.384104e+01,2.404361e+01,2.418535e+01,2.426568e+01,2.428424e+01,2.424095e+01,2.413600e+01,2.396984e+01,2.374318e+01,2.345701e+01,2.311259e+01,2.271146e+01,2.225542e+01,2.174657e+01,2.118728e+01,2.058019e+01,1.992822e+01,1.923453e+01,1.850252e+01,1.773582e+01,1.693826e+01,1.611379e+01,1.526652e+01,1.440065e+01,1.352039e+01,1.262998e+01,1.173359e+01,1.083533e+01,9.939135e+00,9.048804e+00,8.167912e+00,7.299798e+00,6.447539e+00,5.613929e+00,4.801467e+00,4.012350e+00,3.248474e+00,2.511430e+00,1.802521e+00,1.122767e+00,4.729254e-01,-1.464966e-01,-7.352202e-01,-1.293175e+00,-1.820480e+00,-2.317420e+00,-2.784430e+00,-3.222069e+00,-3.631007e+00,-4.012007e+00,-4.365905e+00,-4.693596e+00,-4.996026e+00,-5.274170e+00,-5.529029e+00,-5.761618e+00,-5.972956e+00,-6.164060e+00,-6.335937e+00,-6.489582e+00,-6.625970e+00,-6.746053e+00,-6.850759e+00,-6.940987e+00,-7.017606e+00,-7.081455e+00,-7.133340e+00,-7.174034e+00
